{
  "config": {
    "param_mode": "alpha",
    "U": 2.0,
    "U_min": 1.0,
    "U_max": 3.0,
    "alpha_deg": 5.0,
    "alpha_min_deg": -15.0,
    "alpha_max_deg": 15.0,
    "nu": 0.01,
    "domain": [
      -4.0,
      6.0,
      -3.0,
      3.0
    ],
    "naca": {
      "m": 0.02,
      "p": 0.4,
      "t": 0.12
    },
    "normal_check": {
      "ok": true,
      "plus_out": 1.0,
      "minus_in": 0.9992857142857143
    },
    "fourier": {
      "mode": "multiscale",
      "n_freqs": 16,
      "scale": 1.0
    },
    "loss_weights": {
      "w_pde": 1.0,
      "w_div": 5.0,
      "w_near_pde": 20.0,
      "w_near_div": 50.0,
      "w_inflow_vel": 10.0,
      "w_wall": 50.0,
      "w_pressure_gauge": 1.0,
      "w_outflow_cp": 0.0,
      "w_far_cp": 0.0,
      "w_kutta": 0.0,
      "w_kutta_cp": 1.0,
      "w_kutta_vel": 1.0,
      "w_wake_align": 0.0,
      "w_data": 10.0,
      "w_cl": 0.0
    },
    "cp_data_csv": "xfoil_cp_dataset_naca2412_full/xfoil_cp_dataset.csv"
  },
  "coefficients_diag": [
    {
      "alpha_deg": -10.0,
      "U": 2.0,
      "Fx": -0.0642205998301506,
      "Fy": -0.035417795181274414,
      "D": -0.05709470902561792,
      "L": -0.04603150941830029,
      "CD": -0.02854735451280896,
      "CL": -0.023015754709150144
    },
    {
      "alpha_deg": -5.0,
      "U": 2.0,
      "Fx": -0.05195484682917595,
      "Fy": -0.003311634063720703,
      "D": -0.05146851502486179,
      "L": -0.007827195561036228,
      "CD": -0.025734257512430896,
      "CL": -0.003913597780518114
    },
    {
      "alpha_deg": 0.0,
      "U": 2.0,
      "Fx": -0.04238405078649521,
      "Fy": 0.03581392765045166,
      "D": -0.04238405078649521,
      "L": 0.03581392765045166,
      "CD": -0.021192025393247604,
      "CL": 0.01790696382522583
    },
    {
      "alpha_deg": 5.0,
      "U": 2.0,
      "Fx": -0.0545380637049675,
      "Fy": 0.10126867890357971,
      "D": -0.04550438298016289,
      "L": 0.10563662645672704,
      "CD": -0.022752191490081446,
      "CL": 0.05281831322836352
    },
    {
      "alpha_deg": 10.0,
      "U": 2.0,
      "Fx": -0.15477943420410156,
      "Fy": 0.37666207551956177,
      "D": -0.08702130380082658,
      "L": 0.397816898927195,
      "CD": -0.04351065190041329,
      "CL": 0.1989084494635975
    },
    {
      "alpha_deg": 15.0,
      "U": 2.0,
      "Fx": -0.5525727272033691,
      "Fy": 1.7878588438034058,
      "D": -0.07101234937742396,
      "L": 1.8699553765934949,
      "CD": -0.03550617468871198,
      "CL": 0.9349776882967474
    }
  ],
  "history_last": {
    "total": 5.17840576171875,
    "pde": 0.10925810784101486,
    "div": 0.01485545001924038,
    "near_pde": 0.008940319530665874,
    "near_div": 0.0010923431254923344,
    "inflow": 0.0005069352919235826,
    "wall": 0.001092917867936194,
    "gauge": 7.931503205327317e-05,
    "outflow_cp": 0.04556483030319214,
    "far_cp": 0.06633560359477997,
    "kutta": 0.0,
    "kutta_cp": 0.0,
    "kutta_vel": 0.0,
    "wake": 0.0,
    "data_mse": 0.4701651930809021,
    "data_mae": 0.4102758467197418,
    "cl_loss": 0.0,
    "cl_diag": 0.052818313241004944,
    "cf": 1.0
  }
}