{
  "config": {
    "param_mode": "fixed",
    "U": 2.0,
    "U_min": 1.0,
    "U_max": 3.0,
    "alpha_deg": 5.0,
    "alpha_min_deg": -15.0,
    "alpha_max_deg": 15.0,
    "nu": 0.01,
    "domain": [
      -4.0,
      6.0,
      -3.0,
      3.0
    ],
    "naca": {
      "m": 0.02,
      "p": 0.4,
      "t": 0.12
    },
    "normal_check": {
      "ok": true,
      "plus_out": 1.0,
      "minus_in": 0.9992857142857143
    },
    "fourier": {
      "mode": "multiscale",
      "n_freqs": 16,
      "scale": 1.0
    },
    "loss_weights": {
      "w_pde": 1.0,
      "w_div": 5.0,
      "w_near_pde": 20.0,
      "w_near_div": 50.0,
      "w_inflow_vel": 10.0,
      "w_wall": 50.0,
      "w_pressure_gauge": 1.0,
      "w_outflow_cp": 0.0,
      "w_far_cp": 0.0,
      "w_kutta": 10.0,
      "w_kutta_cp": 1.0,
      "w_kutta_vel": 1.0,
      "w_wake_align": 1.0,
      "w_data": 0.0,
      "w_cl": 0.0
    },
    "cp_data_csv": ""
  },
  "coefficients_diag": [
    {
      "alpha_deg": -10.0,
      "U": 2.0,
      "Fx": -2.7912668883800507e-05,
      "Fy": -3.316998481750488e-05,
      "D": -2.1728705307229883e-05,
      "L": -3.751304230106843e-05,
      "CD": -1.0864352653614941e-05,
      "CL": -1.8756521150534214e-05
    },
    {
      "alpha_deg": -5.0,
      "U": 2.0,
      "Fx": -2.7912668883800507e-05,
      "Fy": -3.316998481750488e-05,
      "D": -2.4915498087934322e-05,
      "L": -3.5476512399619144e-05,
      "CD": -1.2457749043967161e-05,
      "CL": -1.7738256199809572e-05
    },
    {
      "alpha_deg": 0.0,
      "U": 2.0,
      "Fx": -2.7912668883800507e-05,
      "Fy": -3.316998481750488e-05,
      "D": -2.7912668883800507e-05,
      "L": -3.316998481750488e-05,
      "CD": -1.3956334441900253e-05,
      "CL": -1.658499240875244e-05
    },
    {
      "alpha_deg": 5.0,
      "U": 2.0,
      "Fx": -2.7912668883800507e-05,
      "Fy": -3.316998481750488e-05,
      "D": -3.069740741533069e-05,
      "L": -3.061101362234498e-05,
      "CD": -1.5348703707665344e-05,
      "CL": -1.530550681117249e-05
    },
    {
      "alpha_deg": 10.0,
      "U": 2.0,
      "Fx": -2.7912668883800507e-05,
      "Fy": -3.316998481750488e-05,
      "D": -3.324852014082882e-05,
      "L": -2.781907413008365e-05,
      "CD": -1.662426007041441e-05,
      "CL": -1.3909537065041824e-05
    },
    {
      "alpha_deg": 15.0,
      "U": 2.0,
      "Fx": -2.7912668883800507e-05,
      "Fy": -3.316998481750488e-05,
      "D": -3.55465915520499e-05,
      "L": -2.4815414686076163e-05,
      "CD": -1.777329577602495e-05,
      "CL": -1.2407707343038082e-05
    }
  ],
  "history_last": {
    "total": 0.0027450008783489466,
    "pde": 0.002504435833543539,
    "div": 3.0442653951467946e-05,
    "near_pde": 6.338049161058734e-07,
    "near_div": 4.3435775864963944e-08,
    "inflow": 6.860701887489995e-06,
    "wall": 2.8714195465795456e-08,
    "gauge": 6.195568857947364e-08,
    "outflow_cp": 3.0483877658843994,
    "far_cp": 3.0600228309631348,
    "kutta": 3.399269701276353e-07,
    "kutta_cp": 7.301995813557838e-11,
    "kutta_vel": 4.8252184470243265e-09,
    "wake": 3.3502874430269003e-07,
    "data_mse": 0.0,
    "data_mae": 0.0,
    "cl_loss": 0.0,
    "cl_diag": -1.5302910469472408e-05,
    "cf": 1.0
  }
}