{
  "config": {
    "U": 2.0,
    "nu": 0.01,
    "alpha_min_deg": -15.0,
    "alpha_max_deg": 15.0,
    "alpha_sampling": "range",
    "domain": [
      -4.0,
      6.0,
      -3.0,
      3.0
    ],
    "naca": {
      "m": 0.02,
      "p": 0.4,
      "t": 0.12
    },
    "normal_check": {
      "ok": true,
      "plus_outside": 1.0,
      "minus_inside": 0.9992857142857143
    },
    "fourier": {
      "mode": "multiscale",
      "n_freqs": 16,
      "scale": 1.0
    },
    "loss_weights": {
      "w_pde": 1.0,
      "w_div": 5.0,
      "w_near_pde": 10.0,
      "w_near_div": 20.0,
      "w_inflow_vel": 10.0,
      "w_wall": 50.0,
      "w_pressure_gauge": 1.0,
      "w_outflow_cp": 0.0,
      "w_far_cp": 0.0,
      "w_kutta": 1.0,
      "w_kutta_tangent": 1.0,
      "w_wake_recovery": 0.0,
      "w_data": 0.0
    },
    "use_data": false,
    "cp_data_csv": ""
  },
  "coefficients_diag": [
    {
      "Fx": -0.016293352469801903,
      "Fy": 0.0010643757414072752,
      "D": -0.016230646520853043,
      "L": -0.0017811055295169353,
      "CD": -0.008115323260426521,
      "CL": -0.0008905527647584677,
      "alpha_deg": -10.0,
      "U": 2.0
    },
    {
      "Fx": -0.01651792787015438,
      "Fy": 0.0009280975209549069,
      "D": -0.016535962000489235,
      "L": -0.0005150664364919066,
      "CD": -0.008267981000244617,
      "CL": -0.0002575332182459533,
      "alpha_deg": -5.0,
      "U": 2.0
    },
    {
      "Fx": -0.01675327867269516,
      "Fy": 0.0005881713586859405,
      "D": -0.01675327867269516,
      "L": 0.0005881713586859405,
      "CD": -0.00837663933634758,
      "CL": 0.00029408567934297025,
      "alpha_deg": 0.0,
      "U": 2.0
    },
    {
      "Fx": -0.016982175409793854,
      "Fy": 0.00018387277668807656,
      "D": -0.016901526600122452,
      "L": 0.00166326726321131,
      "CD": -0.008450763300061226,
      "CL": 0.000831633631605655,
      "alpha_deg": 5.0,
      "U": 2.0
    },
    {
      "Fx": -0.017074808478355408,
      "Fy": -5.9021462220698595e-05,
      "D": -0.01682565174996853,
      "L": 0.0029068845324218273,
      "CD": -0.008412825874984264,
      "CL": 0.0014534422662109137,
      "alpha_deg": 10.0,
      "U": 2.0
    },
    {
      "Fx": -0.01690366491675377,
      "Fy": -0.00016553039313293993,
      "D": -0.016370529308915138,
      "L": 0.004215100314468145,
      "CD": -0.008185264654457569,
      "CL": 0.0021075501572340727,
      "alpha_deg": 15.0,
      "U": 2.0
    }
  ],
  "history_last": {
    "total": 0.056810807436704636,
    "pde": 0.029342416673898697,
    "div": 0.00459989532828331,
    "near_pde": 3.582020872272551e-05,
    "near_div": 1.0212672350462526e-05,
    "inflow": 0.0003029824292752892,
    "wall": 1.4915268366166856e-05,
    "gauge": 7.69631691710515e-10,
    "outflow_cp": 0.001778420410118997,
    "far_cp": 0.0015969958622008562,
    "kutta": 0.00013087352272123098,
    "kutta_tangent": 0.00013087352272123098,
    "wake_recovery": 0.0,
    "data_mse": 0.0,
    "data_mae": 0.0,
    "CL_diag": 0.000831633631605655,
    "cf": 1.0
  }
}