PINN Airfoil V2 summary
device: cuda
surface area sign: -8.228125e-02
perimeter: 2.043919e+00
alpha=-10.0 deg | Fx=-1.471589e-02, Fy=+5.343676e-03, D=-1.542025e-02, L=+2.707105e-03, CD=-3.084049e-02, CL=+5.414210e-03
alpha=-5.0 deg | Fx=-1.499781e-02, Fy=+3.843337e-03, D=-1.527571e-02, L=+2.521567e-03, CD=-3.055142e-02, CL=+5.043133e-03
alpha=+0.0 deg | Fx=-1.522101e-02, Fy=+1.816124e-03, D=-1.522101e-02, L=+1.816124e-03, CD=-3.044201e-02, CL=+3.632247e-03
alpha=+5.0 deg | Fx=-1.529287e-02, Fy=-4.912913e-04, D=-1.527750e-02, L=+8.434399e-04, CD=-3.055500e-02, CL=+1.686880e-03
alpha=+10.0 deg | Fx=-1.515447e-02, Fy=-2.745077e-03, D=-1.540092e-02, L=-7.182739e-05, CD=-3.080183e-02, CL=-1.436548e-04
