{
  "config": {
    "param_mode": "fixed",
    "U": 2.0,
    "U_min": 1.0,
    "U_max": 3.0,
    "alpha_deg": 5.0,
    "alpha_min_deg": -15.0,
    "alpha_max_deg": 15.0,
    "nu": 0.01,
    "domain": [
      -4.0,
      6.0,
      -3.0,
      3.0
    ],
    "naca": {
      "m": 0.02,
      "p": 0.4,
      "t": 0.12
    },
    "normal_check": {
      "ok": true,
      "plus_out": 1.0,
      "minus_in": 0.9992857142857143
    },
    "fourier": {
      "mode": "multiscale",
      "n_freqs": 16,
      "scale": 1.0
    },
    "loss_weights": {
      "w_pde": 1.0,
      "w_div": 5.0,
      "w_near_pde": 20.0,
      "w_near_div": 50.0,
      "w_inflow_vel": 10.0,
      "w_wall": 50.0,
      "w_pressure_gauge": 1.0,
      "w_outflow_cp": 0.0,
      "w_far_cp": 0.0,
      "w_kutta": 0.0,
      "w_kutta_cp": 1.0,
      "w_kutta_vel": 1.0,
      "w_wake_align": 0.0,
      "w_data": 0.0,
      "w_cl": 0.0
    },
    "cp_data_csv": ""
  },
  "coefficients_diag": [
    {
      "alpha_deg": -10.0,
      "U": 2.0,
      "Fx": -5.132704973220825e-05,
      "Fy": -4.058331251144409e-05,
      "D": -4.350005825422206e-05,
      "L": -4.887960945520535e-05,
      "CD": -2.175002912711103e-05,
      "CL": -2.4439804727602674e-05
    },
    {
      "alpha_deg": -5.0,
      "U": 2.0,
      "Fx": -5.132704973220825e-05,
      "Fy": -4.058331251144409e-05,
      "D": -4.759466606682197e-05,
      "L": -4.4902327897357607e-05,
      "CD": -2.3797333033410984e-05,
      "CL": -2.2451163948678803e-05
    },
    {
      "alpha_deg": 0.0,
      "U": 2.0,
      "Fx": -5.132704973220825e-05,
      "Fy": -4.058331251144409e-05,
      "D": -5.132704973220825e-05,
      "L": -4.058331251144409e-05,
      "CD": -2.5663524866104126e-05,
      "CL": -2.0291656255722046e-05
    },
    {
      "alpha_deg": 5.0,
      "U": 2.0,
      "Fx": -5.132704973220825e-05,
      "Fy": -4.058331251144409e-05,
      "D": -5.4668803557012446e-05,
      "L": -3.59554336124444e-05,
      "CD": -2.7334401778506223e-05,
      "CL": -1.79777168062222e-05
    },
    {
      "alpha_deg": 10.0,
      "U": 2.0,
      "Fx": -5.132704973220825e-05,
      "Fy": -4.058331251144409e-05,
      "D": -5.7594494776821664e-05,
      "L": -3.1053912153169615e-05,
      "CD": -2.8797247388410832e-05,
      "CL": -1.5526956076584808e-05
    },
    {
      "alpha_deg": 15.0,
      "U": 2.0,
      "Fx": -5.132704973220825e-05,
      "Fy": -4.058331251144409e-05,
      "D": -6.0081857114872495e-05,
      "L": -2.5916051671544387e-05,
      "CD": -3.0040928557436247e-05,
      "CL": -1.2958025835772193e-05
    }
  ],
  "history_last": {
    "total": 0.002778830472379923,
    "pde": 0.002563708694651723,
    "div": 2.874468918889761e-05,
    "near_pde": 1.2274144864932168e-06,
    "near_div": 2.613807303930571e-08,
    "inflow": 4.302389697841136e-06,
    "wall": 5.0330324796732384e-08,
    "gauge": 3.023381545119719e-09,
    "outflow_cp": 2.9660754203796387,
    "far_cp": 2.8524668216705322,
    "kutta": 0.0,
    "kutta_cp": 0.0,
    "kutta_vel": 0.0,
    "wake": 0.0,
    "data_mse": 0.0,
    "data_mae": 0.0,
    "cl_loss": 0.0,
    "cl_diag": -1.7979993572225794e-05,
    "cf": 1.0
  }
}