{
  "config": {
    "param_mode": "alpha",
    "U": 2.0,
    "U_min": 1.0,
    "U_max": 3.0,
    "alpha_deg": 5.0,
    "alpha_min_deg": -15.0,
    "alpha_max_deg": 15.0,
    "nu": 0.01,
    "domain": [
      -4.0,
      6.0,
      -3.0,
      3.0
    ],
    "naca": {
      "m": 0.02,
      "p": 0.4,
      "t": 0.12
    },
    "normal_check": {
      "ok": true,
      "plus_out": 1.0,
      "minus_in": 0.9992857142857143
    },
    "fourier": {
      "mode": "multiscale",
      "n_freqs": 16,
      "scale": 1.0
    },
    "loss_weights": {
      "w_pde": 1.0,
      "w_div": 5.0,
      "w_near_pde": 20.0,
      "w_near_div": 50.0,
      "w_inflow_vel": 10.0,
      "w_wall": 50.0,
      "w_pressure_gauge": 1.0,
      "w_outflow_cp": 0.0,
      "w_far_cp": 0.0,
      "w_kutta": 10.0,
      "w_kutta_cp": 1.0,
      "w_kutta_vel": 1.0,
      "w_wake_align": 0.0,
      "w_data": 10.0,
      "w_cl": 0.0
    },
    "cp_data_csv": "xfoil_cp_dataset_naca2412_full/xfoil_cp_dataset.csv"
  },
  "coefficients_diag": [
    {
      "alpha_deg": -10.0,
      "U": 2.0,
      "Fx": -0.05290537327528,
      "Fy": -0.028901517391204834,
      "D": -0.0470829259507088,
      "L": -0.037649360058716774,
      "CD": -0.0235414629753544,
      "CL": -0.018824680029358387
    },
    {
      "alpha_deg": -5.0,
      "U": 2.0,
      "Fx": -0.04545889049768448,
      "Fy": -0.010252237319946289,
      "D": -0.044392364336481326,
      "L": -0.014175227827518972,
      "CD": -0.022196182168240663,
      "CL": -0.007087613913759486
    },
    {
      "alpha_deg": 0.0,
      "U": 2.0,
      "Fx": -0.03861461207270622,
      "Fy": 0.028700590133666992,
      "D": -0.03861461207270622,
      "L": 0.028700590133666992,
      "CD": -0.01930730603635311,
      "CL": 0.014350295066833496
    },
    {
      "alpha_deg": 5.0,
      "U": 2.0,
      "Fx": -0.050957050174474716,
      "Fy": 0.0931820273399353,
      "D": -0.04264179441066211,
      "L": 0.09726864114966965,
      "CD": -0.021320897205331056,
      "CL": 0.04863432057483483
    },
    {
      "alpha_deg": 10.0,
      "U": 2.0,
      "Fx": -0.136170893907547,
      "Fy": 0.330360472202301,
      "D": -0.07673565808363896,
      "L": 0.3489873818919225,
      "CD": -0.03836782904181948,
      "CL": 0.17449369094596126
    },
    {
      "alpha_deg": 15.0,
      "U": 2.0,
      "Fx": -0.5255320072174072,
      "Fy": 1.7065503597259521,
      "D": -0.06593720378919254,
      "L": 1.7844187586010174,
      "CD": -0.03296860189459627,
      "CL": 0.8922093793005087
    }
  ],
  "history_last": {
    "total": 7.548293590545654,
    "pde": 0.09446573257446289,
    "div": 0.009884849190711975,
    "near_pde": 0.028431717306375504,
    "near_div": 0.0026458008214831352,
    "inflow": 0.0006158636533655226,
    "wall": 0.007743217051029205,
    "gauge": 0.0018903670134022832,
    "outflow_cp": 0.0451711006462574,
    "far_cp": 0.06778484582901001,
    "kutta": 1.4383044799615163e-05,
    "kutta_cp": 8.765971415414242e-08,
    "kutta_vel": 1.4295384971774183e-05,
    "wake": 0.0,
    "data_mse": 0.6308125257492065,
    "data_mae": 0.4663107991218567,
    "cl_loss": 0.0,
    "cl_diag": 0.04863433912396431,
    "cf": 1.0
  }
}